1.66666666667
2.33333333333
2.16666666667
2.83333333333
3.5
2.0
3.83333333333
2.0
2.0
2.5
2.16666666667
3.0
2.0
1.33333333333
2.5
2.16666666667
3.33333333333
1.83333333333
1.0
2.83333333333
3.5
2.16666666667
2.16666666667
4.0
2.66666666667
2.5
3.66666666667
3.66666666667
2.83333333333
3.0
3.42857142857
2.57142857143
3.42857142857
3.28571428571
3.0
1.42857142857
3.28571428571
3.71428571429
2.0
2.57142857143
2.57142857143
2.57142857143
2.28571428571
2.71428571429
2.0
3.71428571429
3.71428571429
2.28571428571
2.0
4.28571428571
1.6
1.8
3.2
3.8
2.8
2.8
1.8
4.0
3.0
3.0
3.85714285714
3.57142857143
1.66666666667
3.42857142857
2.57142857143
3.0
2.28571428571
3.28571428571
3.57142857143
2.14285714286
4.0
2.85714285714
3.28571428571
3.71428571429
2.14285714286
4.0
4.0
3.28571428571
2.42857142857
3.57142857143
1.57142857143
1.28571428571
3.85714285714
3.28571428571
2.57142857143
2.71428571429
1.85714285714
2.57142857143
2.42857142857
2.28571428571
2.0
1.42857142857
3.0
3.14285714286
3.71428571429
1.42857142857
2.28571428571
1.0
2.0
1.71428571429
3.28571428571
3.14285714286
4.14285714286
2.14285714286
1.57142857143
3.0
3.71428571429
3.42857142857
1.5
3.28571428571
1.71428571429
1.57142857143
3.14285714286
1.71428571429
4.0
3.57142857143
1.85714285714
2.42857142857
4.0
4.28571428571
2.85714285714
1.71428571429
4.14285714286
2.85714285714
3.57142857143
2.85714285714
1.85714285714
3.71428571429
1.71428571429
2.0
1.6
1.6
3.2
3.2
3.0
2.4
2.6
3.2
1.6
2.0
3.85714285714
3.14285714286
2.71428571429
1.28571428571
3.14285714286
2.71428571429
2.42857142857
1.28571428571
4.14285714286
3.57142857143
1.57142857143
3.42857142857
2.42857142857
2.71428571429
2.42857142857
2.71428571429
2.85714285714
3.85714285714
2.42857142857
4.0
3.85714285714
1.14285714286
2.71428571429
2.14285714286
3.57142857143
1.71428571429
2.14285714286
2.42857142857
2.71428571429
3.71428571429
4.0
3.5
3.66666666667
3.0
2.16666666667
3.33333333333
3.5
2.83333333333
2.83333333333
1.33333333333
1.5
3.16666666667
2.33333333333
2.33333333333
1.83333333333
2.16666666667
1.66666666667
1.33333333333
3.33333333333
3.66666666667
1.71428571429
3.42857142857
2.14285714286
3.0
1.57142857143
1.85714285714
3.71428571429
2.14285714286
1.57142857143
3.42857142857
1.28571428571
2.83333333333
4.42857142857
1.57142857143
2.28571428571
2.85714285714
3.28571428571
3.42857142857
2.85714285714
2.85714285714
3.5
3.0
2.33333333333
2.5
2.66666666667
3.0
1.66666666667
2.33333333333
2.5
1.16666666667
4.0
2.0
2.0
3.2
2.6
4.0
3.0
2.4
3.6
4.6
3.71428571429
1.57142857143
2.28571428571
2.71428571429
1.14285714286
1.71428571429
1.71428571429
1.42857142857
1.57142857143
4.0
3.71428571429
3.0
3.28571428571
1.85714285714
3.14285714286
4.0
3.71428571429
3.28571428571
2.42857142857
2.42857142857
1.83333333333
2.16666666667
1.16666666667
3.16666666667
3.16666666667
2.0
3.66666666667
2.33333333333
1.33333333333
1.83333333333
3.83333333333
2.5
3.33333333333
3.5
1.66666666667
1.66666666667
2.66666666667
1.83333333333
1.66666666667
1.66666666667
4.0
1.66666666667
2.5
3.66666666667
1.5
3.33333333333
2.0
3.83333333333
3.83333333333
3.33333333333
4.375
3.625
3.375
3.75
1.875
1.25
3.625
1.75
2.5
3.125
3.4
1.8
3.6
2.8
2.8
3.2
2.0
2.6
1.6
3.8
3.14285714286
1.42857142857
2.0
2.28571428571
3.42857142857
3.57142857143
3.14285714286
2.14285714286
2.71428571429
3.14285714286
1.85714285714
2.71428571429
2.14285714286
2.14285714286
3.42857142857
3.14285714286
3.57142857143
2.83333333333
2.0
3.28571428571
3.71428571429
1.57142857143
2.14285714286
2.0
3.28571428571
2.0
1.42857142857
1.85714285714
3.57142857143
1.42857142857
3.28571428571
2.85714285714
3.28571428571
2.57142857143
1.85714285714
1.85714285714
2.57142857143
2.14285714286
2.57142857143
3.71428571429
4.42857142857
1.57142857143
2.28571428571
2.71428571429
1.28571428571
3.42857142857
3.28571428571
3.42857142857
2.42857142857
2.0
2.0
3.33333333333
3.5
1.33333333333
3.5
3.33333333333
3.83333333333
3.5
3.66666666667
3.5
1.83333333333
3.83333333333
1.83333333333
2.83333333333
1.83333333333
3.0
3.5
4.0
2.83333333333
3.5
4.16666666667
1.66666666667
1.16666666667
2.66666666667
3.66666666667
1.5
2.0
1.66666666667
2.33333333333
1.83333333333
3.5
1.625
3.25
2.75
1.75
1.625
3.0
3.125
1.625
1.25
2.5
1.5
2.5
3.16666666667
1.83333333333
3.0
3.5
2.66666666667
1.83333333333
3.5
2.33333333333
3.2
2.5
2.33333333333
3.5
2.16666666667
3.0
3.5
3.33333333333
1.66666666667
3.28571428571
2.0
3.71428571429
2.0
3.42857142857
3.14285714286
2.85714285714
1.85714285714
1.57142857143
2.42857142857
2.71428571429
2.14285714286
2.71428571429
2.28571428571
2.28571428571
4.14285714286
1.71428571429
4.0
3.71428571429
3.28571428571
1.85714285714
2.85714285714
2.5
2.42857142857
2.0
3.14285714286
3.14285714286
2.14285714286
3.42857142857
2.42857142857
1.85714285714
1.71428571429
1.71428571429
2.0
3.28571428571
3.28571428571
1.28571428571
3.42857142857
3.57142857143
2.0
1.83333333333
1.83333333333
3.66666666667
3.33333333333
1.2
3.33333333333
3.0
3.0
2.0
2.5
2.8
3.4
1.6
3.2
1.0
1.8
2.0
2.2
2.6
3.6
3.5
4.0
1.625
3.625
2.375
2.75
1.875
2.57142857143
3.0
2.875
2.0
3.0
2.0
3.0
2.28571428571
3.14285714286
1.71428571429
3.0
3.28571428571
3.42857142857
4.28571428571
2.85714285714
2.28571428571
2.57142857143
1.85714285714
3.85714285714
3.85714285714
2.0
3.28571428571
3.28571428571
1.83333333333
2.16666666667
3.0
3.5
1.16666666667
2.83333333333
3.66666666667
3.16666666667
3.0
1.66666666667
2.0
1.85714285714
1.57142857143
2.42857142857
1.71428571429
1.57142857143
1.85714285714
2.28571428571
3.0
3.42857142857
2.8
2.8
2.4
3.2
2.4
2.4
3.0
2.0
3.6
1.6
4.14285714286
2.42857142857
2.85714285714
3.85714285714
3.42857142857
2.85714285714
2.42857142857
3.14285714286
1.5
4.0
1.28571428571
2.57142857143
3.42857142857
1.85714285714
2.0
3.28571428571
3.0
3.0
2.71428571429
2.57142857143
2.14285714286
4.0
3.57142857143
2.28571428571
3.14285714286
2.14285714286
3.57142857143
2.0
2.28571428571
3.85714285714
2.57142857143
3.57142857143
2.0
2.57142857143
1.71428571429
3.14285714286
3.14285714286
4.28571428571
3.71428571429
2.57142857143
2.0
3.0
3.57142857143
3.57142857143
1.85714285714
2.14285714286
2.28571428571
1.85714285714
2.85714285714
2.71428571429
1.5
3.16666666667
2.83333333333
2.66666666667
3.33333333333
3.33333333333
3.83333333333
3.33333333333
3.83333333333
3.66666666667
2.6
3.4
1.8
1.8
2.2
2.4
2.6
2.0
2.0
3.2
3.14285714286
2.85714285714
1.0
3.57142857143
3.0
4.0
3.0
2.57142857143
3.0
2.57142857143
3.71428571429
3.14285714286
2.14285714286
2.14285714286
3.14285714286
3.28571428571
2.85714285714
2.57142857143
1.0
2.28571428571
3.42857142857
2.28571428571
2.14285714286
3.57142857143
3.57142857143
4.28571428571
4.0
2.57142857143
2.71428571429
2.14285714286
4.16666666667
2.66666666667
2.83333333333
2.0
3.5
4.0
3.16666666667
1.33333333333
2.5
4.16666666667
1.85714285714
3.57142857143
2.71428571429
3.71428571429
2.42857142857
2.14285714286
3.71428571429
2.85714285714
3.57142857143
1.85714285714
3.28571428571
3.14285714286
1.71428571429
1.85714285714
2.71428571429
3.0
3.14285714286
2.71428571429
2.85714285714
4.14285714286
2.0
2.16666666667
2.66666666667
1.5
3.33333333333
3.83333333333
4.0
2.83333333333
3.0
2.16666666667
3.42857142857
1.85714285714
1.14285714286
3.28571428571
1.28571428571
3.71428571429
2.71428571429
2.0
2.0
1.57142857143
3.6
4.4
3.0
3.2
2.4
3.4
1.8
2.4
2.2
3.6
3.57142857143
3.0
2.14285714286
3.14285714286
2.85714285714
2.42857142857
3.57142857143
2.28571428571
4.0
3.71428571429
3.0
2.85714285714
3.85714285714
2.14285714286
4.0
2.71428571429
4.0
2.42857142857
2.57142857143
3.14285714286
2.57142857143
2.71428571429
2.66666666667
1.71428571429
2.14285714286
3.57142857143
4.0
2.28571428571
2.0
1.28571428571
1.5
2.66666666667
3.16666666667
3.33333333333
3.33333333333
3.16666666667
3.33333333333
1.66666666667
2.66666666667
2.66666666667
2.42857142857
3.71428571429
3.14285714286
3.0
1.71428571429
1.0
3.28571428571
2.0
1.14285714286
3.28571428571
3.0
3.2
2.0
1.4
3.2
4.2
2.6
1.8
3.6
4.0
2.2
1.6
3.4
2.0
3.0
2.4
3.2
4.0
4.2
4.4
2.33333333333
1.83333333333
3.16666666667
1.66666666667
4.33333333333
3.66666666667
1.83333333333
1.66666666667
2.0
1.66666666667
1.28571428571
1.57142857143
1.57142857143
2.28571428571
2.42857142857
4.0
2.42857142857
1.71428571429
2.85714285714
2.57142857143
3.42857142857
2.71428571429
3.57142857143
2.14285714286
3.57142857143
3.0
1.57142857143
2.28571428571
3.0
4.42857142857
2.0
3.42857142857
2.0
1.57142857143
3.14285714286
3.14285714286
1.71428571429
3.85714285714
3.71428571429
1.71428571429
4.8
4.0
4.2
2.8
3.8
4.0
2.6
2.6
3.6
3.0
2.625
2.375
1.875
2.625
3.625
3.0
2.125
3.625
3.125
3.0
3.0
2.33333333333
2.33333333333
3.5
2.83333333333
3.5
4.0
2.5
1.83333333333
1.66666666667
3.0
4.14285714286
4.28571428571
1.57142857143
2.0
3.14285714286
2.71428571429
1.85714285714
2.14285714286
2.28571428571
1.71428571429
2.57142857143
2.71428571429
3.42857142857
3.14285714286
2.14285714286
1.85714285714
2.28571428571
4.42857142857
3.0
4.0
3.0
2.4
4.2
2.0
3.2
2.2
3.0
3.6
2.0
2.8
1.8
1.8
3.0
2.6
2.8
3.6
4.0
3.0
2.4
2.0
1.6
2.6
3.6
3.0
2.8
3.2
3.2
2.8
4.0
3.0
3.5
3.0
2.33333333333
2.5
2.5
1.83333333333
2.83333333333
3.0
3.5
1.14285714286
4.28571428571
4.57142857143
2.0
2.42857142857
1.85714285714
2.85714285714
2.57142857143
2.14285714286
1.28571428571
2.0
3.5
2.0
2.33333333333
2.66666666667
3.33333333333
3.33333333333
2.16666666667
1.83333333333
2.5
1.6
2.6
3.0
2.8
3.2
1.8
3.4
3.2
1.8
2.4
