3.375
2.375
3.0
3.77777777778
3.11111111111
1.55555555556
3.0
2.66666666667
2.11111111111
2.88888888889
3.44444444444
3.22222222222
1.77777777778
1.55555555556
3.22222222222
3.22222222222
2.88888888889
1.44444444444
2.0
3.33333333333
2.6
3.4
2.0
2.6
1.6
3.6
2.4
1.8
2.8
3.2
3.85714285714
1.0
3.66666666667
2.77777777778
3.44444444444
2.125
1.66666666667
3.44444444444
4.22222222222
3.0
1.66666666667
1.44444444444
1.66666666667
1.125
2.44444444444
2.0
3.22222222222
2.55555555556
3.22222222222
3.71428571429
2.71428571429
3.28571428571
3.14285714286
3.42857142857
2.14285714286
2.42857142857
4.42857142857
2.57142857143
2.77777777778
3.88888888889
1.44444444444
2.66666666667
3.33333333333
3.11111111111
1.88888888889
1.66666666667
3.11111111111
3.0
3.88888888889
1.55555555556
2.55555555556
3.44444444444
1.44444444444
2.55555555556
3.88888888889
1.22222222222
1.55555555556
2.375
1.55555555556
3.44444444444
1.44444444444
2.44444444444
2.0
2.44444444444
3.66666666667
2.0
3.33333333333
1.875
2.375
1.625
3.0
2.75
3.625
2.875
2.625
2.75
2.5
1.88888888889
1.5
3.88888888889
2.33333333333
2.55555555556
3.44444444444
3.77777777778
3.0
3.11111111111
2.14285714286
2.125
3.125
3.5
3.875
3.75
3.625
2.25
2.625
1.75
2.375
1.88888888889
3.0
2.11111111111
2.33333333333
2.11111111111
3.88888888889
3.66666666667
3.0
1.44444444444
1.44444444444
3.66666666667
2.77777777778
2.66666666667
1.66666666667
2.33333333333
3.33333333333
2.33333333333
3.0
2.0
3.44444444444
1.88888888889
2.0
2.22222222222
3.22222222222
2.44444444444
3.44444444444
3.0
3.66666666667
3.44444444444
3.44444444444
2.55555555556
2.44444444444
1.77777777778
3.0
1.44444444444
2.88888888889
2.77777777778
2.77777777778
3.88888888889
4.11111111111
3.14285714286
3.11111111111
1.55555555556
1.875
2.77777777778
1.5
3.66666666667
2.25
2.22222222222
2.22222222222
2.875
1.125
2.125
2.0
2.625
3.875
1.75
3.25
1.875
1.3
3.1
2.8
1.8
2.3
3.4
2.1
1.4
2.1
3.2
2.7
3.1
3.2
1.8
1.9
1.3
1.4
2.1
2.1
2.6
2.44444444444
3.77777777778
2.11111111111
2.66666666667
2.66666666667
2.0
3.22222222222
3.33333333333
1.44444444444
1.77777777778
1.7
1.5
3.0
4.0
3.9
2.2
1.8
1.9
2.6
3.3
1.3
1.4
2.4
3.6
3.9
3.7
3.1
2.3
3.6
3.22222222222
1.44444444444
2.88888888889
2.11111111111
1.88888888889
1.55555555556
2.88888888889
2.88888888889
1.55555555556
3.33333333333
2.125
3.5
3.0
3.875
3.0
4.25
2.25
1.75
3.0
2.875
4.33333333333
1.88888888889
2.66666666667
1.77777777778
1.22222222222
2.11111111111
2.22222222222
1.66666666667
2.33333333333
3.77777777778
3.57142857143
1.85714285714
2.71428571429
3.71428571429
2.0
2.0
3.42857142857
1.71428571429
1.85714285714
2.14285714286
3.33333333333
1.44444444444
2.11111111111
2.88888888889
2.125
1.33333333333
2.77777777778
2.11111111111
3.66666666667
1.44444444444
1.88888888889
2.44444444444
2.11111111111
2.22222222222
3.33333333333
2.44444444444
1.88888888889
1.33333333333
1.55555555556
3.0
2.75
2.625
3.125
2.375
2.5
3.125
2.75
1.75
1.5
3.0
2.14285714286
1.14285714286
3.71428571429
2.14285714286
2.0
3.5
2.0
2.71428571429
2.0
2.57142857143
1.14285714286
2.0
2.57142857143
2.42857142857
2.85714285714
2.71428571429
2.42857142857
3.28571428571
2.28571428571
3.42857142857
2.88888888889
2.44444444444
1.77777777778
2.0
3.55555555556
2.0
3.55555555556
3.55555555556
2.44444444444
2.11111111111
2.0
3.11111111111
1.22222222222
2.55555555556
1.55555555556
2.11111111111
2.88888888889
3.55555555556
3.875
1.77777777778
1.5
2.5
2.125
2.0
3.75
3.0
1.75
2.875
3.0
2.625
2.33333333333
1.55555555556
1.44444444444
2.33333333333
2.44444444444
2.88888888889
2.44444444444
2.77777777778
3.77777777778
3.66666666667
3.625
2.88888888889
2.55555555556
2.11111111111
2.22222222222
1.66666666667
2.11111111111
3.0
2.33333333333
2.33333333333
2.33333333333
2.0
1.66666666667
2.83333333333
1.5
2.33333333333
2.16666666667
2.33333333333
2.66666666667
1.5
3.3
2.6
3.5
2.2
2.6
1.3
3.4
3.0
3.1
1.7
3.0
2.7
3.3
1.3
2.6
2.1
2.9
3.5
1.4
3.2
4.11111111111
2.44444444444
2.77777777778
3.33333333333
2.375
1.875
2.22222222222
2.88888888889
2.0
2.77777777778
2.0
3.71428571429
2.14285714286
1.85714285714
2.57142857143
1.42857142857
3.28571428571
3.0
2.71428571429
2.42857142857
2.66666666667
2.11111111111
2.625
2.66666666667
1.33333333333
1.33333333333
3.25
3.33333333333
3.22222222222
2.66666666667
3.6
3.6
2.8
2.4
3.2
4.0
2.2
3.4
3.4
3.0
1.25
2.0
2.375
2.57142857143
3.0
1.75
3.0
3.125
3.5
1.125
2.6
1.8
1.8
2.8
2.8
2.0
2.0
4.2
1.6
2.6
1.8
3.2
3.6
2.8
1.2
2.8
3.2
3.4
2.8
3.5
1.625
3.125
2.125
1.375
2.25
3.0
2.25
1.5
2.57142857143
2.85714285714
3.42857142857
1.0
1.42857142857
2.28571428571
2.28571428571
2.85714285714
2.42857142857
2.71428571429
2.28571428571
3.6
2.8
3.3
2.5
2.7
2.8
2.7
1.8
2.0
1.6
3.85714285714
1.42857142857
2.14285714286
2.28571428571
1.85714285714
2.0
3.71428571429
2.42857142857
3.28571428571
2.0
2.33333333333
3.11111111111
3.0
3.88888888889
2.77777777778
2.66666666667
1.44444444444
1.88888888889
2.22222222222
1.11111111111
4.125
2.11111111111
2.44444444444
3.55555555556
1.77777777778
2.11111111111
4.11111111111
2.77777777778
1.66666666667
2.66666666667
1.5
1.5
2.33333333333
1.83333333333
2.66666666667
1.66666666667
2.75
2.5
3.33333333333
2.16666666667
2.71428571429
2.71428571429
4.0
3.28571428571
2.85714285714
1.57142857143
2.85714285714
2.28571428571
2.0
2.28571428571
3.11111111111
2.11111111111
3.33333333333
4.33333333333
1.33333333333
2.44444444444
2.22222222222
3.55555555556
3.125
3.625
2.125
2.75
2.75
4.0
1.25
2.0
2.5
2.57142857143
3.0
3.75
1.0
2.42857142857
3.0
3.875
4.25
3.375
2.375
3.55555555556
1.66666666667
2.77777777778
2.22222222222
2.33333333333
3.55555555556
2.55555555556
3.33333333333
3.22222222222
1.33333333333
3.1
1.4
1.3
3.1
3.8
2.0
3.1
3.5
3.1
2.3
2.83333333333
2.66666666667
2.16666666667
3.0
3.16666666667
2.83333333333
1.0
2.16666666667
3.16666666667
2.33333333333
2.14285714286
2.42857142857
2.28571428571
1.57142857143
2.0
3.0
1.71428571429
2.28571428571
3.85714285714
1.85714285714
1.66666666667
3.66666666667
4.0
2.33333333333
2.5
1.33333333333
1.5
1.5
2.66666666667
2.33333333333
2.625
3.375
1.5
1.875
3.375
3.125
2.625
1.875
1.75
1.875
2.33333333333
1.44444444444
2.22222222222
2.11111111111
3.44444444444
2.0
2.11111111111
3.66666666667
3.77777777778
2.55555555556
4.25
3.0
1.625
3.5
3.25
3.0
2.0
1.25
3.5
4.0
2.88888888889
2.22222222222
2.11111111111
1.375
2.875
3.0
2.44444444444
3.33333333333
3.88888888889
1.22222222222
1.3
2.7
3.1
2.6
3.0
3.0
2.3
1.9
3.8
1.2
3.0
1.77777777778
2.66666666667
3.55555555556
3.44444444444
2.44444444444
2.77777777778
2.11111111111
1.77777777778
3.33333333333
3.875
2.0
2.125
1.375
1.5
2.625
3.25
2.0
3.75
3.25
2.0
3.44444444444
3.55555555556
2.44444444444
3.33333333333
1.66666666667
3.66666666667
2.88888888889
1.33333333333
2.33333333333
3.11111111111
1.77777777778
1.22222222222
3.11111111111
2.44444444444
2.44444444444
2.375
2.88888888889
2.0
1.0
2.55555555556
3.0
2.66666666667
4.44444444444
1.0
4.44444444444
3.22222222222
1.55555555556
2.33333333333
1.55555555556
2.77777777778
1.66666666667
2.11111111111
2.88888888889
3.44444444444
2.66666666667
3.44444444444
2.66666666667
4.25
1.55555555556
3.25
2.0
2.0
2.375
3.875
1.75
4.0
1.625
1.625
3.125
1.88888888889
1.66666666667
3.44444444444
2.88888888889
3.66666666667
3.77777777778
4.0
2.77777777778
2.44444444444
2.44444444444
2.33333333333
3.66666666667
1.77777777778
2.0
4.33333333333
2.77777777778
1.77777777778
1.66666666667
4.0
4.11111111111
2.0
3.85714285714
3.42857142857
2.28571428571
2.28571428571
1.71428571429
3.57142857143
2.14285714286
3.0
1.33333333333
2.8
3.6
1.9
2.3
3.3
1.8
3.4
2.5
4.3
2.16666666667
1.16666666667
2.16666666667
2.66666666667
2.0
4.0
4.16666666667
3.66666666667
2.0
3.33333333333
2.8
1.6
2.2
3.2
2.6
1.6
2.0
2.4
2.8
2.8
2.33333333333
2.83333333333
2.5
2.66666666667
2.66666666667
3.5
3.33333333333
4.16666666667
3.5
2.25
3.875
3.5
3.625
3.0
2.0
3.25
2.875
1.0
2.44444444444
3.66666666667
3.25
3.44444444444
1.44444444444
3.11111111111
1.66666666667
3.625
2.77777777778
1.77777777778
3.88888888889
1.11111111111
3.0
2.88888888889
2.0
1.5
1.66666666667
2.44444444444
2.88888888889
1.22222222222
2.0
1.11111111111
1.88888888889
2.22222222222
2.25
2.88888888889
3.11111111111
2.44444444444
1.22222222222
2.22222222222
2.0
1.83333333333
2.83333333333
2.5
4.0
3.16666666667
1.4
4.0
2.33333333333
3.22222222222
1.33333333333
2.88888888889
2.44444444444
2.66666666667
3.44444444444
3.44444444444
2.0
1.44444444444
2.0
3.3
2.1
2.4
1.2
3.8
2.2
3.4
2.9
2.5
4.0
3.0
2.6
2.2
3.4
2.9
1.8
2.4
3.3
1.33333333333
2.8
3.5
2.4
2.4
3.2
1.4
3.8
3.9
2.7
2.7
3.1
2.77777777778
1.66666666667
3.11111111111
2.11111111111
4.22222222222
2.11111111111
1.88888888889
2.88888888889
1.33333333333
2.11111111111
3.375
2.5
2.75
4.25
2.125
3.25
3.25
2.0
2.875
2.75
1.11111111111
2.11111111111
3.66666666667
3.22222222222
2.55555555556
1.77777777778
2.44444444444
2.75
2.66666666667
1.88888888889
3.88888888889
2.55555555556
2.33333333333
2.66666666667
2.22222222222
1.88888888889
3.0
1.77777777778
3.55555555556
3.11111111111
2.66666666667
2.33333333333
3.0
1.44444444444
2.44444444444
3.33333333333
2.55555555556
3.66666666667
2.55555555556
2.77777777778
4.0
3.0
3.7
2.3
2.3
1.3
2.6
2.4
2.5
2.1
3.4
2.6
2.0
1.2
1.8
2.5
2.7
3.2
2.1
4.11111111111
2.44444444444
1.44444444444
3.44444444444
3.11111111111
2.0
2.77777777778
2.77777777778
2.33333333333
2.0
4.11111111111
3.0
1.55555555556
1.66666666667
1.77777777778
2.44444444444
2.77777777778
3.44444444444
