1.0
0.0
0.0
3.4923736067990167e-19
0.0
0.9827771186828613
0.9999017715454102
0.0
0.0
0.0
1.5612641949872637e-37
0.7601557970046997
1.376029798528318e-15
1.0
1.0
7.484691589064182e-29
1.8624097369955414e-39
0.002227162476629019
2.0409701015290833e-14
1.0
4.203895392974451e-45
4.7565581553499214e-06
0.0001666958414716646
0.0
0.0
1.5469856335735828e-18
3.8736142304612977e-28
2.3949021648184546e-19
1.877915832936461e-20
5.918830902528779e-19
0.0
6.58719514490258e-08
1.0
0.0
3.401149847870322e-11
2.0089466114953103e-12
5.947655725782085e-30
0.0
4.235000506002051e-35
0.015327871777117252
1.7441928239493484e-33
1.0
1.017200006836738e-26
0.0
0.10921937972307205
3.819555823426739e-14
2.163383187869794e-11
0.0
0.0
0.0
2.2167554832767315e-35
0.0030504886526614428
0.0
0.0
0.9354405403137207
4.204695979243702e-32
1.0632250083536347e-36
7.164602244813523e-11
0.0
1.545455983859975e-28
0.0
1.0
1.2525970261023645e-09
1.5646789814503257e-24
1.1767822692873128e-24
5.173013976386812e-30
0.663343608379364
1.0
0.0
5.932658064897872e-14
0.0
1.0
3.849339635773971e-35
0.0
4.787267116057592e-08
1.0
7.098773430693732e-39
1.4651976742980287e-41
4.072982131107652e-33
1.0
0.6584449410438538
4.889439129787664e-31
1.7382490878625053e-39
0.0
1.0
0.0
0.0
0.0035506426356732845
0.0
0.0
2.331205366819106e-31
1.0652767862468243e-33
4.4289065643648416e-35
1.0
0.0
0.0
0.0
0.0
0.0
0.0
1.003943705946142e-09
4.564820756058907e-06
0.0
1.0
0.0
1.0
3.608364995688618e-11
0.0
0.9937503933906555
0.0
0.0
1.5056097026899806e-06
0.0
1.3592595103950726e-43
1.0
0.0
0.0
1.208151465798337e-36
0.9999055862426758
1.0
1.743863363928514e-22
6.209126881296506e-28
1.0
1.623261772128021e-27
0.0
1.0
0.0021855763625353575
0.0
0.0
0.0
1.0
0.0
4.352824350027174e-23
4.137172826546021e-09
0.9521157145500183
0.0
1.1345745843177975e-32
0.0
0.9756552577018738
1.1828969273789072e-27
0.5763482451438904
5.8480853131668695e-28
1.0
1.0
1.0
2.085972122719248e-34
0.0
0.0
4.3882329652036905e-32
2.8783529538442614e-27
0.0
1.0
1.0
1.5876711600800177e-42
8.319788432318164e-23
0.0
2.4495273864832967e-11
0.0
0.9986515641212463
2.3916678803860896e-36
1.8451451304357658e-12
0.6635565757751465
0.0
1.0
0.00024070549989119172
0.0
0.0
1.4800480914291063e-15
2.291034979862161e-05
0.0
0.9999984502792358
5.25734281326729e-38
8.413705069306752e-26
1.0
0.007605289109051228
2.0695469917300227e-29
8.457606534536982e-24
5.030789005086347e-39
1.0
0.0
4.203895392974451e-45
1.9786925394335034e-18
0.0
0.0
1.8807737671818403e-15
7.063982252475398e-07
1.3967266120540044e-26
0.0
0.0
0.9998075366020203
7.948177603126862e-34
8.832005870053954e-39
0.0
1.0
2.668066222465086e-37
1.0
8.495350191817037e-37
0.0
6.0737929396623816e-27
1.2449275686908107e-39
0.0
0.767744243144989
1.1855434422614053e-05
0.0
1.0
4.8283095506743245e-24
0.0
7.765757868549201e-40
0.9999856948852539
0.0
5.605193857299268e-43
0.990818440914154
0.0
1.2127409331670752e-29
0.0
0.0
0.0
4.23262201149311e-40
0.0
4.579022788675502e-05
1.0
1.4033962428446006e-20
0.0
8.546573320794721e-23
4.194159329835615e-30
4.2432575865776425e-38
6.60434391048503e-19
1.5456450667070594e-35
0.0
3.18014694336294e-18
0.9999970197677612
0.9192559719085693
5.04433192353929e-26
0.0
0.0
0.45011764764785767
0.0005249424721114337
0.0
0.9999524354934692
1.0495603195418582e-28
3.21408678428145e-19
0.0
9.081952006399535e-34
0.7095854878425598
4.4994993040237714e-39
4.008159493196217e-08
2.5258174479070054e-27
0.0
0.9999997615814209
0.0
1.0
1.0
1.8201305624630262e-21
1.0
3.303499580133048e-34
4.310112089456197e-08
1.0
1.0
4.1515995261943204e-35
2.555560498854901e-28
0.0
7.493463904241256e-21
0.0
1.0757939981211366e-30
5.663697448518904e-16
8.079350148310627e-19
0.9999998807907104
6.2209987527583714e-15
2.216658614506618e-31
0.0003690289449878037
0.0
1.0207825782333298e-21
1.0
0.997663140296936
1.4241774426437814e-10
8.719127401348825e-16
0.691555917263031
0.2229258120059967
4.6113921570167804e-08
2.258891618112102e-05
0.0
1.0
0.0
1.6501512341889762e-13
1.5278289023463662e-14
2.5379341905575312e-23
1.0
7.079410715959966e-05
0.0004294273676350713
0.0
4.707311502779594e-32
2.6534328370290914e-35
0.0
3.516250071782783e-18
0.0
1.0
3.819116329850658e-07
9.444946547451155e-22
2.0974635414013862e-41
0.33351168036460876
1.0
0.0
1.618058253254573e-17
5.91232000257061e-23
0.9999551773071289
1.861036464500503e-40
1.0
0.0024238808546215296
1.0
0.0
4.9491891473962824e-08
1.3257270715244518e-12
0.0
6.0019369114913696e-18
2.802596928649634e-45
4.736545045069818e-10
0.0
1.4369948006745988e-20
1.0
3.4752201915255463e-43
1.0622155219723567e-21
0.0
2.708964441291421e-23
7.22700877278399e-15
0.0
1.0
7.006492321624085e-45
5.176048397504024e-32
0.9999343156814575
2.994075657625217e-06
0.0
1.2076719758314142e-29
2.3946334315105586e-37
1.0
2.6588496737645073e-08
7.004546082030134e-31
3.968830040240615e-30
0.0
1.3668486076312547e-07
2.310266428677373e-25
2.4199996331761995e-35
0.9998515844345093
0.9997877478599548
1.0
2.3406888884873028e-29
2.802596928649634e-45
8.800154355959851e-43
0.0
4.471298678532243e-11
2.9287137904388677e-43
6.445972935894159e-44
1.382941454442162e-41
0.0
2.7615732278718497e-07
1.0
8.234239971142274e-40
2.089886720604782e-38
0.0
1.0
0.5404236912727356
1.650490365051711e-29
0.0
1.0
1.5543342696137303e-40
1.0
0.007741926703602076
8.75112740214278e-21
1.9398174641648443e-41
2.7975699105387153e-38
5.433391573832482e-27
3.2847288821358234e-05
9.760281698204077e-28
9.200805379805388e-07
6.957590358069865e-06
0.0
7.481388113652948e-27
3.3431810152251273e-05
0.0
3.98269291942101e-37
9.422516988877305e-09
9.110316057103773e-08
0.0
9.420217494948702e-09
0.9999141693115234
2.3536791600641543e-23
0.0
0.0
3.6026653179029763e-29
4.92279065218114e-38
1.1405168201139686e-41
0.0
1.2766523949103714e-12
0.0
1.0
8.597092460149725e-08
1.4593036778975943e-09
1.9234146719782075e-08
5.1200146553020964e-12
0.0
5.393963995101599e-21
1.532309651926392e-24
2.2115407270448338e-38
7.044229199948404e-09
1.3138869159323718e-10
2.0038904351476322e-39
0.8187368512153625
3.996152895638297e-40
3.0836974005931924e-41
3.304078419900099e-27
7.781410372395709e-42
0.0
3.5285431522344267e-34
8.008773547483954e-19
1.0
0.0
2.3845125253260033e-39
0.4479583501815796
0.0
2.4771112200702326e-15
0.0
2.6563449864625e-05
0.9905154705047607
0.0
0.0
0.0
7.270376295598082e-27
7.162847729780767e-20
0.0
4.443975563126428e-17
0.0
3.069544286103512e-41
0.0
1.0
0.0013976084301248193
7.831055178404462e-16
7.343770999803838e-19
2.0481250376236382e-11
1.002305904940215e-09
5.4709594258476e-25
0.0
3.5670427160180384e-21
1.2015433682353144e-40
1.0
7.114569074835168e-19
0.9999222755432129
0.0
0.0
1.0
5.388045478532666e-12
4.0488039587671665e-09
1.4194505427083265e-29
0.9655312895774841
0.9999998807907104
1.7317602888404434e-20
5.063124708057919e-20
6.151700258385947e-43
0.00013030588161200285
0.0
1.0759081403577397e-09
3.264416588652239e-18
0.09338562190532684
0.0
0.9789198637008667
1.2912685089060324e-40
7.42161582703098e-33
1.2874773469562228e-09
0.0009216820471920073
1.4216364358803134e-26
2.8458009450875064e-16
2.772332335240698e-20
4.10417534307466e-33
0.9996538162231445
4.203895392974451e-45
1.6417406668909134e-32
0.0
1.401298464324817e-45
3.746069642175089e-19
5.565082357612827e-13
6.665853979903602e-10
1.2510121477593923e-23
0.998397171497345
9.351042867111912e-32
9.680361756636557e-08
0.0
1.570727916219603e-28
6.1592420447671305e-25
1.0
4.97022796831485e-38
5.580535632394571e-21
1.506185093860144e-38
0.0
2.1665501898494692e-15
5.3668295529234536e-14
7.191376425907947e-06
4.280364664333054e-27
4.233125057514962e-21
0.0
1.2769943390894572e-33
0.9999992847442627
8.942077078799571e-10
0.0
0.0
1.7288255127731815e-17
1.9646299220533124e-31
0.0
0.0
1.3876660464037124e-19
0.0
0.0
4.833764523833928e-24
0.0
8.638741588451204e-39
0.0
1.0
0.0
5.2665843199995414e-20
1.3572554586917714e-32
1.0
1.9780919235907286e-15
2.9040200799634874e-10
3.7885026813455625e-06
3.775870056465565e-33
4.787827911911791e-10
0.0
1.0
4.864816224534549e-27
8.903408006163061e-33
0.0
2.223830692773274e-25
0.9837363362312317
1.5375887529650488e-40
1.898906051031434e-36
2.069729503684909e-28
4.41122735160085e-24
1.1210387714598537e-44
0.0
5.242660083837336e-09
0.0
1.7310649108956048e-37
0.0
1.0
0.02276798151433468
0.9819154739379883
0.0
0.0
4.5315874344363964e-26
0.9994040727615356
0.9999977350234985
1.0
0.0004489795828703791
2.6398848864170463e-19
3.437853335341856e-09
0.0
1.0
5.511984416022976e-37
9.927875995589137e-20
1.1000691690615081e-34
0.0
3.038176041061813e-34
0.0
1.1410454786809826e-33
7.006871474297938e-16
0.0
2.1293058353985947e-27
0.0
1.5282675298877724e-12
1.0
2.6624670822171524e-44
3.3066338969183277e-37
0.0
0.02348266914486885
0.0
0.0
1.0
5.0068411638903854e-08
2.489531814747238e-14
0.0
1.3212488975323837e-27
0.9999634027481079
0.0
0.0
2.9953791209828374e-26
7.675216014372012e-26
1.0
0.0
6.557327895045705e-18
0.0
1.4783010969868227e-12
1.6613797401070045e-15
3.3103140263922007e-25
1.0
0.0
2.0735108468434156e-17
4.526194039769159e-43
0.008262595161795616
0.0
7.410584759781433e-40
1.0
1.1950693693301337e-40
0.0
1.092702274433663e-37
0.0
1.0
3.556074006858982e-31
7.287873053260509e-41
6.054192306044369e-37
7.50881135309388e-26
0.002773740328848362
2.149925026272479e-25
9.943827333596912e-21
1.0
0.9999996423721313
0.0
0.0
6.888821249279252e-32
3.9989042050431524e-38
0.0015989169478416443
1.0
0.0
4.999595030509563e-13
5.544073422180813e-39
0.0
1.0
9.422056539110883e-15
1.0
0.0
1.316960998804309e-13
1.0
0.0
1.0
0.0
1.1401227936860444e-26
2.4802982818549262e-43
2.2239754965751788e-17
1.6955711418330287e-43
1.1505811709767688e-21
1.0
0.0
0.0
1.5117343234364688e-15
9.937047712460512e-12
4.922928926488768e-13
1.566057932481159e-32
4.203759337975763e-20
0.0
7.155626911988318e-38
3.997247136570049e-28
1.0
2.802596928649634e-44
1.2556795033825171e-14
0.0
0.13727745413780212
1.0387760829071676e-24
0.0
1.0
0.0
3.752127659738144e-22
0.0
2.472087894567417e-31
0.0
1.401298464324817e-45
1.0538967765065614e-29
0.00023802529904060066
8.791699728431695e-17
5.605193857299268e-45
4.224753502057865e-05
0.0
2.3397182628837054e-12
5.263402869104539e-08
1.0
0.0
0.0
3.8088693558812853e-41
5.817252353905543e-40
2.018759825972438e-09
0.0
8.693958801554968e-37
2.0077141338337157e-11
0.0
8.029440200581202e-43
0.05525008589029312
1.6112132506924315e-27
0.0
0.9999845027923584
1.2791727208513668e-27
7.812701367104082e-40
9.882706794557172e-23
3.407385548685367e-21
1.747943449165778e-25
0.0
1.149905519824945e-41
0.0
5.901328677282436e-06
4.664922587737316e-42
0.0
0.0
1.825571871449938e-06
4.741245174244568e-10
1.708437835645782e-08
2.0235691556160365e-18
0.0
4.465375695872353e-06
2.103788609986168e-08
0.0
3.7909517901279685e-18
0.0
0.0
3.996727501322391e-21
4.31750953227539e-19
4.601016898433932e-19
6.887523884633253e-35
0.9951064586639404
4.0579625419923104e-06
0.0
0.0
8.13562364783138e-05
0.0
3.549088294077243e-27
2.5017206502083727e-19
1.0002862253777334e-11
0.9919448494911194
1.945321681517953e-09
0.0
0.9988465309143066
2.0359185128482402e-40
4.1383490990283497e-35
0.0
8.361294143111443e-19
5.175719680816424e-22
0.0
4.32479486250914e-12
7.789049757261433e-23
0.9999508857727051
0.0
1.0
1.0
1.6919255237482412e-38
4.600360634823241e-22
1.7229397918426217e-17
7.645484421356202e-42
0.0
0.0
2.2038265789987256e-38
2.749770897092496e-13
1.112255395018563e-34
2.022290499825152e-16
2.0192432573494015e-33
0.0006486219936050475
2.634506988208145e-16
0.0
8.881395431811419e-25
3.4544690359260244e-32
2.896244133410164e-09
2.668750366096456e-13
2.0312212181743073e-15
7.920418372908816e-35
8.442355881086796e-25
1.48139353829983e-21
8.703165965684434e-11
3.2055089832283556e-05
3.1345400941518164e-08
3.5168368815391675e-35
1.0
0.9999970197677612
9.257895938862866e-27
8.407790785948902e-45
0.0
2.4368552268639282e-39
5.9324250746884e-39
1.0
1.1201873002386977e-28
1.0
0.9322637319564819
1.3928464772609145e-13
5.525502272265653e-21
0.9999991655349731
1.4712232576946254e-41
2.1513591252266173e-19
0.0
4.959246151004192e-22
0.0
0.0
1.0
5.930622862992734e-21
7.188100602600582e-41
0.0
0.011101270094513893
2.9813225221003236e-34
3.531786839355912e-35
0.0
0.22364982962608337
1.0
0.0
8.723137663591007e-12
0.0
3.842363581197421e-24
0.9997687935829163
0.9999997615814209
1.3401613610673962e-29
1.0
0.0
1.0
1.0749866780944863e-36
0.9999904632568359
1.0
1.2275374547485398e-42
4.9550918795617675e-27
3.726659774506845e-25
4.321985168744524e-37
0.00547245005145669
4.060031086134544e-39
1.2892945391862476e-11
5.564696331680281e-41
2.353220495219046e-31
1.401298464324817e-45
1.0
0.0
1.909690849899448e-09
3.313703871299367e-07
4.9370874077360985e-29
5.7824613417514234e-30
0.0
0.0
1.0
1.0
0.9999997615814209
7.173292942752596e-06
8.787650453526924e-30
0.0
1.0
2.459835001550281e-35
0.999728262424469
8.342759693241605e-17
0.9999672174453735
2.7685822270293787e-26
6.0146707567798146e-36
0.0
8.132994603303467e-13
1.401298464324817e-45
1.0093128821608843e-07
4.554267661778522e-13
1.680418293403818e-08
0.0
6.844473876554957e-10
1.0990261234043276e-24
0.0
1.339616029349302e-19
2.80197653274028e-11
1.1054851256631082e-06
3.34226834305517e-15
1.2647737149723602e-16
1.2853828736120046e-15
5.5156719232885714e-27
1.0
6.917569040945673e-27
2.655951044358042e-40
1.0
1.201940246568895e-30
0.9999997615814209
1.0
5.736708892701754e-18
1.0
2.4749607434691714e-20
0.0
8.828180325246348e-44
0.0
5.477292301785871e-38
3.617877088272032e-25
0.999138593673706
0.0
9.929677702302797e-08
0.0
0.0
1.0077210563181253e-28
2.942418965705892e-21
1.7263997080481746e-42
1.0
0.0
0.0
0.9997261166572571
3.194960498660583e-43
5.614051259293553e-16
2.607944685932516e-27
1.685288991692957e-10
0.0
0.0
1.0
0.0
1.0
0.007948574610054493
1.0
0.9999998807907104
1.0
0.0
0.0
1.5558017096850563e-09
0.0
2.6647165175336432e-17
6.140580527945586e-21
0.0
0.0
0.0
1.815694014790515e-19
2.4868437469817874e-38
4.210627343754353e-13
3.461260748411488e-33
0.0
1.4093624073075357e-27
1.8771286704577506e-05
1.6032864504494242e-26
9.885643586678249e-39
1.1170318735659972e-24
1.9221050515757786e-40
9.143145741997223e-16
1.8760239837767478e-29
0.0
0.18342901766300201
0.0
1.0538924726851085e-37
