0.142194
0.433019
0.129923
0.347656
0.995539
0.844212
0.009092
0.229557
0.784237
0.051758
0.003927
0.396000
0.498217
0.478849
0.011143
0.616981
0.989906
0.037506
0.029138
0.005450
0.056659
0.944243
0.211853
0.158430
0.318078
0.357082
0.180768
0.796399
0.230296
0.867046
0.425193
0.044279
0.893690
0.678126
0.433786
0.371238
0.909071
0.028130
0.107162
0.603942
0.972982
0.059591
0.377354
0.844745
0.361114
0.338079
0.217870
0.341548
0.991043
0.090971
0.800442
0.314550
0.031658
0.004498
0.049574
0.880950
0.477886
0.239068
0.026374
0.981284
0.021599
0.999777
0.902019
0.082120
0.127463
0.317901
0.048512
0.423244
0.462144
0.185459
0.440700
0.050104
0.129232
0.607950
0.475963
0.127922
0.017053
0.417673
0.647308
0.262947
0.499214
0.188305
0.690911
0.125432
0.002016
0.942814
0.692814
0.903103
0.356669
0.673512
0.201232
0.689723
0.969665
0.009490
0.432255
0.002127
0.504873
